60157513,54.6726494,-1.2345443,,
60157945,54.6775143,-1.2209032,,
60157946,54.6841870,-1.2395592,,
75549593,54.7707849,-1.5721287,,
249383084,54.8469924,-2.0557108,,
252932632,55.0085528,-1.5955707,,
266508158,56.3897121,-3.4339685,,
267041741,56.0315901,-3.3601528,,
267412988,54.7621722,-1.6033494,,
267860464,56.3815067,-3.4354130,,
269197781,56.0289740,-3.3657284,,
269202679,56.0317458,-3.3678170,,
269237333,56.3901000,-3.4813498,,
269237578,56.3940058,-3.4437077,Boomerang,
269254217,54.6767395,-1.2452825,,
269254219,54.6769553,-1.2437142,,
269486041,54.7665257,-1.4410379,,
269984402,56.4041205,-3.4464525,,
270777212,56.4103091,-3.4613983,,
276713193,56.0363827,-5.4327910,,
286987443,55.0468733,-1.4614422,Churchill Playing Fields,
291646255,54.9756064,-1.8196589,,
291855943,55.5379761,-5.1217618,,
291856425,55.5360819,-5.1239934,,
292976776,55.8677898,-4.2865345,,
293712168,54.5935166,-1.0495676,,
298844030,55.8236041,-4.3981421,,
304622633,57.0067293,-3.3946805,,
308820541,55.1061742,-1.5820929,East Hartford Playground,
308823222,55.1754907,-1.5158178,,
309430223,54.7531033,-1.6172535,Meadowfield New Park play area,
313311964,55.2103492,-6.2465133,,
315050697,55.8345698,-4.3285398,,
317344058,54.9681804,-1.7889949,,
318674721,54.8379723,-1.5936254,West avenue Play Area,
322089430,55.1192342,-1.5813101,Humford Mill Country Park,
330681064,60.1385554,-1.2662925,,
336101084,56.0625917,-3.2239449,,
339401139,57.3965496,-5.4997321,,
339846275,57.3895922,-5.5947795,,
344558167,54.9863433,-1.5426989,,
350089618,55.9541989,-3.1094939,,
350503422,56.4426651,-2.8846781,,
350678821,54.9733046,-2.4638702,,
354031185,54.6378318,-3.5402507,,
355911105,57.4052250,-5.4820996,,
357623841,57.2826860,-5.7161742,,
360336975,57.3274657,-2.3380410,Hoodles Play Barn,
360394587,54.7013305,-1.6082616,,
360394590,54.7005282,-1.6055620,,
370098510,55.8571256,-3.1692208,,
370192329,55.6513466,-2.2575542,Home Park,
370192330,55.6494212,-2.2562723,Leet Green,
370335919,55.6555591,-2.2601088,,
385221001,56.0334686,-3.3709802,,
385231666,56.0307258,-3.3698883,,
389021619,54.8659907,-1.3632185,,
389957553,54.8780463,-1.4815141,,
393339172,54.8051846,-1.6330888,,
394008626,56.0366440,-3.3517980,,
395633101,56.0401035,-3.3573204,,
395633530,56.0400132,-3.3557550,,
403799306,55.9791200,-3.1777471,,
403834032,55.8474907,-4.1788949,,
412143225,56.0395938,-3.3577297,,
413995360,56.4457946,-2.8738567,,
415143527,57.0682267,-4.8019458,,
415718891,57.1412927,-4.6863337,,
415963635,55.8362193,-4.5034645,,
416457737,55.9694895,-3.6092548,,
417657054,56.0436838,-3.3407411,,
417687197,56.0611825,-2.7787085,,
418875169,54.7871759,-1.5906237,,
419027863,56.1164123,-3.1581325,,
421722954,57.6049918,-5.3002178,,
425728396,57.4735463,-4.2100034,,
425729304,57.5699115,-4.1767607,,
425729471,57.5663902,-4.1734390,,
426961016,54.8185198,-1.7319889,Deneside,
430383227,56.4193564,-5.4705417,,
432737432,57.5475627,-4.5423135,,
444792314,55.6609156,-4.4423235,,
448496431,55.9720435,-3.6078519,,
451131734,55.1319058,-1.5159149,,
453270392,56.3247141,-4.3292542,,
457360529,58.1534629,-5.2404831,Lochinver play park,
457692287,58.1533795,-5.2478731,,
461995665,57.1545227,-7.3080548,,
471122142,57.5030623,-4.2561847,,
472109547,56.8259010,-5.0925413,,
472477459,57.8139420,-4.0486317,,
473110394,56.8229676,-5.0994430,,
473458367,57.4690982,-4.1969206,,
474364995,57.4547036,-4.1783426,,
479504869,56.8457792,-5.0975414,,
482366777,56.3910474,-4.6177424,,
491639548,55.5633570,-3.6199708,,
492731628,57.5651371,-4.0379160,,
492750830,57.5660541,-4.0321328,,
492833631,57.4877829,-4.1483661,,
492833680,57.4859257,-4.1477733,,
496009234,55.9164721,-3.2891925,,
496034114,55.9143268,-3.2887376,,
496402181,55.9268944,-3.2370250,,
498851021,56.2110391,-2.7361558,,
500611510,56.0210505,-3.8245282,,
500824943,57.4779750,-4.4656010,,
502175771,54.7152220,-1.5294580,,
505215106,55.9287327,-3.2398909,,
508702744,55.0349093,-1.5014879,,
508768329,55.0196451,-1.5289529,,
510788811,56.9717608,-2.2158707,,
510788922,56.9728695,-2.2170724,,
511486050,55.9729982,-2.9497192,,
523422741,54.9760801,-3.5259583,,
526856658,55.0828151,-3.5949414,,
529505708,55.9724048,-4.3312814,,
529733448,54.8901427,-2.9228375,,
541142756,55.5962045,-4.4848826,,
543815958,55.9865155,-3.4010545,,
552475466,54.6974950,-4.3618370,,
552477013,54.8361830,-4.0449830,,
552477024,54.9523090,-4.4189780,,
554250164,56.8914434,-4.8450718,,
559465998,55.9809818,-3.2372591,,
560793137,56.1925837,-3.9696738,,
561072991,57.5407938,-4.3431637,,
561086321,57.4785691,-4.1946368,,
561086336,57.4803867,-4.1923138,,
561086338,57.4805374,-4.1921199,,
561086554,57.4779608,-4.1909152,,
561101521,57.4668196,-4.2071177,,
561107982,57.4600060,-4.2137450,,
561132091,57.4511400,-4.2483800,,
561382323,55.5905294,-4.4837997,,
575992546,55.8045114,-4.2603003,,
576771545,54.9067966,-2.9550346,,
599013851,55.7914247,-4.3876983,,
599210984,57.4481031,-4.2144425,,
602537739,56.7178817,-5.2290455,Inchree Play Area,
616426274,55.8786092,-4.3115074,,
618653717,54.8046781,-1.5863217,,
619466309,56.5954464,-3.3284870,,
624347271,55.4812668,-4.6226553,,
625973420,55.9761052,-4.5817600,,
631861441,54.7274287,-1.9584071,,
632559679,55.1323402,-1.6364998,,
639079218,55.5994311,-2.6972814,,
642197431,56.0040379,-4.5866775,,
642197442,56.0031426,-4.5890325,,
642655921,55.6637083,-3.9211463,,
642993252,55.6719972,-3.9223452,,
655294285,54.8998186,-1.4828617,Splash Zone,
661064238,55.2028657,-6.2452795,,
665391311,54.6005999,-1.2215769,,
665432678,55.1616789,-1.6077604,Morpeth Road Estate Play Area,
666072609,54.6212895,-1.2567349,,
668606103,55.5471267,-2.8491575,,
668606406,55.5487363,-2.8490276,,
669640520,54.6822042,-1.2973742,,
676125135,54.7825246,-1.6284145,,
690017812,55.8081251,-4.3852908,Dunterlie Playground,
690020711,55.7966010,-4.3960406,Carnock Crescent Playground,
690020712,55.7952780,-4.3854979,Aurs Dr Playground,
690020713,55.7919140,-4.3806681,Newton Avenue Playground,
690021210,55.7987863,-4.4001811,McDiarmid Park Playground,
690023742,55.7947824,-4.4078170,Lochlibo Cres Playground,
691475154,55.9687383,-3.5981725,,
691475172,55.9703994,-3.5970869,,
691734580,54.8077429,-1.6372132,,
692154591,55.8436072,-3.1953153,,
693619164,54.7259373,-1.5174892,,
693878833,55.6057254,-4.6859196,,
695651277,55.5502075,-2.8305726,,
697094652,55.6238024,-4.4821593,,
698638382,57.5827587,-4.1275808,,
705282500,54.8117280,-1.6296343,,
708152095,55.0656961,-1.5044548,,
708604165,55.9452524,-4.5496346,,
708821661,54.9071360,-5.0327194,Agnew Park,
708852573,56.4126737,-3.4666572,,
710244427,55.9038015,-4.1104495,,
736827434,54.6554375,-3.3621224,,
736827495,54.6565709,-3.3654316,,
745807143,54.9014723,-1.3785353,,
746873996,55.9706562,-3.2477478,,
748503578,55.4606251,-4.6410664,,
751104062,55.5906076,-4.4837772,,
751993741,55.6041085,-4.5015307,,
761255904,54.7292157,-1.8897023,,
773280898,57.5236307,-4.4699543,,
778110659,55.6753441,-5.7424515,,
791675028,54.6965812,-1.6822399,,
793489291,54.7091861,-1.2422555,,
795814785,55.8606563,-5.0884629,,
795814851,55.8003971,-5.0266363,,
795828032,55.8615411,-3.7530313,,
799237940,55.9475652,-3.2673502,,
799442104,55.9449964,-3.2681987,,
820066363,54.6607936,-1.5524351,,
820841871,55.8323872,-4.4672875,,
820859774,55.8291207,-4.4642722,,
824202808,55.6863596,-1.9336197,,
828583614,54.9741219,-1.6671762,,
828744442,54.9691174,-1.6683750,,
833160831,54.9729616,-2.0168594,,
836426816,55.8229348,-4.4324268,,
839192450,54.6844070,-1.2393896,,
842211081,55.5674019,-2.7088681,,
858308499,57.1533689,-2.1346665,,
860034296,54.8072776,-4.9610602,,
860034365,54.6902614,-4.8933717,,
864848123,55.8883047,-4.2254197,,
871118582,55.8720496,-3.0957496,,
882634226,55.9066356,-3.1392592,,
884238540,55.9558611,-2.8039114,,
893202117,54.7223396,-1.5650011,,
905877488,56.3345861,-2.7869067,,
909296913,54.6607361,-1.1890761,,
919158273,55.1707689,-1.5953954,Wansbeck Riverside Park,
971050558,55.3218157,-4.3955576,,
973558879,56.0383327,-3.4145808,,
976504863,55.8187190,-4.2741476,,
1002847000,54.6407200,-5.5384135,,
1002847005,54.6366499,-5.5296038,,
1069957528,54.9751272,-1.7602623,,
1070737470,54.9739481,-1.7604544,,
1080382238,56.0589669,-3.4665515,,
1094598894,55.9578856,-3.2692427,Playground,
1100692803,57.0090635,-5.8205671,,
1121599105,58.4998877,-6.2620049,Eoropie Dune play park,
1130257160,57.4727337,-4.2672846,,
1144415900,54.7563407,-1.3270017,,
1145879257,54.7694416,-1.3232359,,
1149020283,54.7605225,-1.3525248,,
1150784611,57.4492191,-2.7809898,,
1165956160,57.5159478,-4.4677302,,
1177594487,56.5929086,-3.3365194,,
1210992683,54.8632880,-1.7038556,,
1223558927,57.9040163,-5.1634696,,
1231392982,54.5970615,-5.7058095,,
1233812480,54.8233159,-1.4800293,,
1240666650,54.9967148,-1.7950951,,
1250296146,55.9912736,-3.4098913,,
1251660306,56.1061350,-3.9424735,Beechwood Park,
1254608173,57.5117143,-4.4503105,Muir Of Ord Skate and Bike Park,
1255817925,54.6749433,-1.4905245,,
1262076164,54.6007096,-5.6995021,,
1262516365,54.9604753,-1.6084401,,
1262516373,54.9574353,-1.6122756,,
1269156830,54.6603427,-2.7557701,,
1276250580,56.1206340,-3.1383952,,
1278090314,55.8164257,-4.2832554,,
1280543207,54.7728334,-3.4303570,,
1298856960,55.8238776,-4.4628096,Durrockstock play park,
1309588726,57.5159224,-4.4566137,Playground,
1312720465,55.8589031,-4.4343296,Osprey Private Playpark,
1312924598,57.5891377,-3.8726293,,
1313038295,57.5884479,-3.8764948,,
1313274858,55.8528509,-4.4050371,,
1313939222,57.5157935,-1.8013428,,
1313977465,57.4955603,-1.8045458,,
1313991353,57.1299921,-2.0998667,,
1315433584,55.8332203,-4.4881392,,
1317023994,57.1547882,-2.1203019,,
1318942166,55.6677537,-3.7543772,,
1319856797,55.4865774,-1.6257941,,
1320138721,55.8711349,-4.3178175,,
1321333374,55.8473049,-4.3994829,,
1323608606,55.6686248,-3.7542054,,
1328382867,55.5872321,-4.4969047,,
1329319289,55.6323392,-4.4954776,,
1329340731,55.6331105,-4.4971866,,
1329346663,55.6279348,-4.4939709,,
1329449424,55.8117131,-4.5536477,,
1329449437,55.8095820,-4.5635719,,
1329491328,55.8282538,-4.5327556,,
1330598078,55.9047625,-4.4929888,,
1330706039,55.8941219,-4.4538614,,
1332200169,55.9103780,-4.4627661,,
1334563069,55.9328131,-4.6494069,,
1336851586,56.9692939,-2.2124547,,
1338135939,57.4523119,-4.1682963,,
1341009268,55.4281771,-4.6189272,,
1343844903,55.8587721,-4.0419176,Parkour Coatbridge,
1348743348,55.9946915,-2.7177940,,
1349313139,55.8975546,-4.0536895,,
1352365855,55.8309166,-4.4268267,,
1354931992,57.2043387,-3.8228405,,
1356466953,54.6666633,-2.7420339,,
1357641971,54.9162421,-1.9095202,,
1363450313,56.9653802,-2.2366655,,
1364722994,54.6627428,-2.7314949,,
1373822233,55.0043657,-1.5454362,Station Road Playground,
1383356536,55.0744321,-3.0070476,,
1386189564,56.3953749,-3.4831004,,
1391364954,55.1362532,-1.5832238,,
1401558191,54.9356849,-3.9288836,,
1414762230,55.9380800,-3.1873830,,Traversing (climbing) wall
1433755775,55.5881658,-3.5490499,,
1435304771,55.9402673,-4.0436003,,
1436787471,54.8238882,-1.4410748,Hetton Lyons Play Park,
1443271696,57.3343305,-3.6044445,,
1446235718,57.1291348,-2.8584574,,
1446344134,57.1290096,-2.8632907,,
1454295477,54.8678535,-3.3875471,,
1456334157,55.8306201,-3.2419899,,
1457313171,56.3419094,-3.4088135,,
1460271277,56.2006569,-3.3161637,Playground,
1461899368,57.0308280,-2.1480215,,
1463009436,54.6899973,-4.8934182,,
1471054910,54.8693914,-1.6075809,,
1471933340,54.9349180,-1.7866656,,
1481619174,54.8850971,-1.6037856,,
1483964690,54.9023295,-1.6204551,,
1491305755,55.6067349,-2.4354006,High Croft,
1495507028,55.8639904,-4.2781599,,
1495549944,55.9864359,-3.8000852,,
1504529020,54.9950433,-3.0664502,,
1505233345,56.5349368,-3.4710521,,
1552037397,54.6779394,-1.2277892,,
1552048855,54.6765091,-1.1972938,,
1552064685,54.6711522,-1.1921332,,
1556315576,55.2920503,-7.1457265,,
1560699421,57.0702390,-4.1017480,,
1572799442,55.8711549,-4.2184359,,
1572856927,55.8782067,-4.2284922,,
1573092757,57.3425457,-2.6102190,,
1579635111,56.6247663,-6.0665288,,
1583383394,54.9723199,-1.8662124,,
1585794991,60.0026989,-1.2343496,Sandwick Play Park and Cycle Track,
1585798508,54.7381308,-6.0371070,,
1587385962,54.9078827,-6.6651663,,
1600534354,55.9815283,-3.5789828,,
1631191708,54.5907609,-5.6993778,,
1639637804,55.8925994,-4.1957748,,
1640566506,55.9012565,-4.1070010,Playground,
1641628211,55.9670031,-2.9633919,,
1641628216,55.9729385,-2.9506574,,
1641628240,55.9671652,-2.9636366,,
1641643476,55.9698126,-2.9505269,,
1641643481,55.9680669,-2.9528551,,
1641643497,55.9686373,-2.9480955,,
1641643508,55.9694989,-2.9400610,,
1641643511,55.9697466,-2.9513531,,
1657953731,55.6672159,-3.7520311,,
1658107848,55.6667758,-3.7745853,,
1658127808,55.6617940,-3.7787556,,
1673200136,54.6194081,-5.9398886,,
1678720816,56.1935371,-3.9515074,,
1678720819,56.1983780,-3.9521967,,
1679924994,55.7814904,-4.4271956,,
1679925008,55.7855114,-4.4206134,,
1679930838,55.7823833,-4.4335149,,
1679930840,55.7823592,-4.4335095,,
1681814877,57.4260137,-2.2395285,,
1684107419,54.9686670,-2.4716912,,
1684107475,54.9735505,-2.4643581,,
1684107483,54.9731194,-2.4638699,,
1684108028,54.9737629,-2.4572744,,
1690683479,55.8464065,-4.1993269,,
1694677727,56.0787819,-3.4796000,,
1698440683,55.8084445,-4.2783546,,
1700034274,55.8804824,-4.1176620,,
1700944319,56.0849408,-3.4616786,,
1701159848,55.8280669,-4.3967284,,
1702716512,55.8280780,-4.4044851,,
1705894960,55.8536623,-4.2156989,,
1707034259,54.9199627,-1.9313153,,
1710579278,57.1026590,-2.0829416,,
1710662487,54.5909178,-1.3925314,,
1711662855,54.9458683,-1.9145283,,
1712548988,55.8258283,-4.3964969,,
1716431839,54.8662875,-4.4392555,,
1721658871,55.8392296,-4.4252075,,
1721658886,55.8395784,-4.4263255,,
1721723636,55.8425106,-4.4471349,,
1741554822,55.8516977,-4.2152333,,
1745886966,57.2621762,-2.1868962,,
1749613552,54.6551571,-2.7469094,Wetheriggs Lane Childrens' Play Area,
1750947173,54.8103189,-2.4352902,,
1764301278,57.0684532,-4.1074900,,
1773568575,55.6315246,-6.1897058,,
1787056154,54.6366447,-2.6515547,,
1788919045,55.7557913,-4.9146313,,
1799679393,55.8972045,-3.5255350,,
1799700790,56.7747343,-3.8564491,,
1799734060,56.5691256,-4.0252460,,
1806180161,54.8022108,-7.5853997,,
1813111111,54.8020251,-2.2202416,,
1833336393,55.9077426,-4.3603123,,
1841044158,54.9855803,-1.4850781,,
1847576782,57.4840951,-4.4655013,,
1851659105,55.9294144,-4.1222052,,
1852981215,57.8117153,-4.0527322,,
1852981216,57.7152397,-3.2920590,,
1853051513,55.8711260,-4.2346445,,
1858304614,57.7216715,-3.2796012,,
1864254778,56.4685204,-2.8603589,,
1864454978,56.6827499,-5.1064391,,
1870478215,57.5833609,-4.5462790,,
1871964932,55.9654380,-3.7536950,playground,
1875881068,57.6926068,-2.8126233,,
1880543331,57.8787239,-4.0172676,,
1880546473,57.9878999,-4.1522067,,
1880567011,57.6958319,-4.2580494,,
1880567013,57.6969582,-4.2729844,,
1882483115,55.8563091,-5.0644708,Ardbeg Play Park,
1888058566,55.9121245,-2.8848843,,
1888791949,55.9102720,-2.8901234,,
1888824018,55.9066217,-2.8971027,,
1891801009,55.9588622,-2.6418845,,
1902737560,56.4241042,-3.4384091,,
1904024686,55.8533414,-2.1933645,,
1906678047,58.8247937,-2.9582530,,
1925835758,57.0572409,-5.9106181,,
1933832949,56.4214347,-3.4044304,Scone Park,
1939425972,54.5990767,-7.2780687,,
1940135121,55.8792118,-4.1774340,,
1952851067,54.8418021,-1.3648723,,
1957242595,54.8345407,-1.3453936,,
1958895451,54.8831560,-1.4096024,,
1960292909,57.1201325,-2.1821384,,
1961382431,54.8366069,-1.3666211,,
1961390990,54.8391278,-1.3338231,,
1967317055,57.5054418,-4.4555800,,
1969413697,56.1197637,-3.7964159,,
1970875170,56.0812513,-3.9247261,,
1972349700,55.8765871,-3.1096543,,
1972349777,55.8769573,-3.1101750,,
1989710112,55.8512741,-4.1016595,,
1989710113,55.8516475,-4.1067772,,
2012234703,56.1380619,-3.9212542,,
2018175513,57.5163104,-4.4608269,,
2020085392,57.1080722,-2.6249409,Torphins Park,
2050731797,56.6740418,-3.0082569,,
2058518771,55.9768016,-3.6043019,,
2062753082,55.9575148,-4.8268727,Albert Road Play Area,
2073769927,54.9624360,-1.4658992,,
2074345280,55.0795661,-3.6351819,,
2080016418,54.9076042,-2.9386749,Clark's Field,
2087725268,55.7129506,-4.5340596,Brilliant Playground,
2096643883,56.0202853,-3.7836272,,
2101245204,55.1302022,-1.6990086,,
2101260774,55.1308524,-1.7001190,Water Slide & Bouncy Castle,
2139431436,54.7759603,-1.5672329,,
2144761142,57.3849452,-4.4289043,,
2146814231,55.9975770,-3.8259405,,
2146814463,55.9968570,-3.8196266,,
2146875476,55.9976101,-3.8261419,,
2147998972,54.8146549,-1.3765473,,
2153527826,56.0534610,-2.7058056,,
2158855993,54.6595903,-2.7389328,,
2165106398,56.4590978,-3.1095434,Helen McGregor Park,
2169660804,56.3872435,-3.4468553,,
2177622249,56.4465401,-3.1678125,Inchture Primary School's Playground ,
2183406748,55.8672144,-4.2974230,,
2187662255,56.3716274,-5.4785781,,
2187662481,56.3781676,-5.4770419,,
2195813872,55.2991299,-1.7078161,,
2198246132,54.9123113,-1.5291760,,
2203368671,56.4587790,-3.0579742,,
2209977723,55.0304297,-1.9501373,Go Ape,
2210540475,57.0212915,-2.6314734,,
2235055414,55.8554621,-4.5819917,,
2245514124,54.9178323,-1.7321445,,
2245514275,54.9143712,-1.7285020,Low Ropes,
2247323074,54.6804295,-5.8840212,,
2266354929,55.8671093,-4.2622748,,
2291957111,55.0009357,-1.4972673,,
2293146588,57.3374482,-4.5827769,,
2305719135,55.9931160,-2.5109729,,
2306042424,55.1071778,-6.4202068,,
2308876345,57.6948599,-4.2567939,,
2314092606,55.9102080,-2.9419792,,
2314559234,57.2275194,-2.5235353,,
2323718038,57.7315305,-4.2801041,,
2326348592,55.9019874,-3.6186103,,
2327299122,56.0133054,-4.5881384,,
2327299129,56.0132749,-4.5887205,,
2343897545,56.4639350,-2.8696420,Castle Green,
2344901295,56.4983900,-2.7104630,Sandy Sensations Play and Water Play Area,
2344923513,56.4844540,-2.8444610,,
2344923919,56.4864350,-2.8380210,,
2351970538,54.6624302,-2.7525872,,
2378989556,55.9522816,-3.1184578,,
2383320119,57.6969287,-2.0089716,,
2383572037,57.2489247,-2.0541145,,
2383572050,57.2490002,-2.0554234,,
2383572068,57.2522910,-2.0604553,,
2383572225,57.2534343,-2.0411863,,
2387003866,55.9483620,-3.3110752,,
2387003893,55.9470715,-3.3093221,,
2388079886,57.1588901,-2.1041524,,
2391777642,54.9705474,-1.6268963,,
2394352986,55.9335532,-3.8364550,,
2394352987,55.9359931,-3.8391855,,
2395571515,56.5180358,-5.3446163,,
2401972533,56.0622454,-3.8736646,,
2405630588,56.0619567,-3.3938063,,
2405630799,56.0625736,-3.4057905,,
2405630896,56.0585573,-3.3947451,,
2405630897,56.0672873,-3.4086872,,
2405630928,56.0607018,-3.3993800,,
2407130851,54.8248666,-1.3669198,,
2420018753,54.9805229,-3.3312188,,
2431328889,55.9195836,-4.4385434,,
2431540607,56.0137008,-3.4013039,,
2449335667,55.4268189,-4.6201796,,
2455357952,55.8791859,-4.2550674,Jurassic Softplay,
2466427176,57.4707307,-3.2291133,,
2479260046,56.4066516,-3.4575198,,
2495126349,54.9607324,-1.8422327,Waterworld Play Area,
2517726838,55.9372458,-4.1769945,,
2575593834,54.6494025,-5.7100904,Ballykillaire Playground,
2578137459,55.9772122,-3.2982764,,
2581092022,57.1567938,-2.3067674,,
2589353220,55.9765501,-3.1720983,,
2615646257,56.7232917,-3.5060082,,
2618972568,57.4250606,-4.1290653,,
2631496351,55.9427771,-3.2257699,,
2632692661,54.6300255,-1.6474785,,
2644537558,57.9722287,-3.9834899,King George V Park,
2645862450,55.9445681,-3.2313848,,
2652378151,56.2018063,-3.1876562,,
2652378154,56.2018997,-3.1788996,,
2652495057,56.2116270,-3.1648160,,
2653638596,56.1737532,-3.1698221,,
2655803845,56.2005391,-3.1850125,,
2655856744,56.2038289,-3.2119609,,
2656276165,56.2073011,-3.1913533,,
2659906862,56.1832191,-3.1772561,,
2685210151,56.1915996,-3.1415188,,
2687209746,57.2052407,-2.4601941,Woodlands Secret Play Area,
2688824257,56.2163091,-3.1686151,,
2688824263,56.2118734,-3.1727230,,
2708786279,55.8682570,-4.2852615,,
2711043845,57.1752258,-2.1178664,,
2714317523,57.1751054,-2.1139793,,
2723924170,55.8801927,-3.0412363,,
2723924192,55.8678606,-3.0437258,,
2724160342,55.9291394,-4.3248406,,
2749712907,57.6803968,-4.0365084,,
2750960700,55.9187800,-3.2955176,,
2780127485,56.4214157,-3.3953478,,
2785848835,57.2164428,-4.6261666,,
2810098447,55.9005662,-2.7451393,,
2815671776,55.8874371,-2.1579911,,
2823702486,54.6190505,-1.2892480,,
2826926552,56.0586835,-3.4341171,,
2847652567,54.7333597,-1.8801768,,
2848477835,55.9910516,-3.7017832,,
2850341632,55.2432311,-1.6254948,,
2851027437,57.4540461,-2.7813857,,
2851027499,57.4530894,-2.7812167,,
2857498513,56.2864701,-3.1537301,,
2862131635,55.9463742,-2.9597747,playpark,
2876101343,55.2428379,-3.7660222,,
2876101372,55.2382396,-3.7646919,,
2876917122,57.1639655,-2.1097454,,
2880323922,57.1492778,-2.1643917,,
2896119664,56.0270108,-3.3905067,,
2902738141,57.4180663,-6.2025155,,
2911000696,57.3499231,-2.6108151,Kool Kidz,
2917924479,56.4040613,-3.4352142,,
2922569862,55.3887049,-4.1987799,,
2927930220,56.4793423,-2.8140451,,
2931711927,55.8847754,-3.5018160,,
2938489865,56.2074276,-3.1633578,,
2938489966,56.2088729,-3.1597083,,
2949493993,54.9655607,-1.8551318,Castlefields Swing,
2954045733,55.9124490,-4.3734350,,
2959629023,55.7210344,-2.1563769,,
2972115475,57.1715714,-2.0925549,,
2975403742,57.0736445,-2.7845230,,
2976140126,55.8596420,-3.9955707,,
2983729189,55.3116552,-4.5551614,,
2990885878,54.9424808,-2.7305794,,
2990888208,54.9442741,-2.7364159,,
2994301792,60.4584797,-1.1817217,,
2996648565,56.1583242,-3.3259797,,
2996969442,57.4093098,-4.3381100,,
2999370867,57.1871791,-3.8342551,,
2999493469,57.0802664,-4.0548922,,
3010851043,57.3740600,-4.1873961,,
3035472282,55.8319042,-4.1598247,Outdoor Gym,
3038926098,55.7742550,-2.3444724,,
3048792774,54.9835786,-1.6101585,,
3055405725,57.1019790,-2.2699135,,
3055405726,57.0986543,-2.2638303,,
3056188799,55.8741780,-3.5100662,,
3065274682,56.0204101,-5.6285860,,
3066471812,55.8819447,-4.2831904,,
3068457270,55.9014188,-4.2423014,,
3083519704,57.4904850,-4.1428939,,
3087918912,58.2255431,-6.8387510,,
3111983903,58.2826743,-4.4438536,,
4948533,54.7228053,-4.9584133,,
4995216,55.9797265,-3.2243103,,
5018664,55.9133392,-3.1311590,,
5049180,55.9337881,-3.2266278,,
5118328,55.0638527,-3.6076460,,
5123704,55.0598711,-3.6177020,,
5182915,55.9760962,-3.2418922,,
5900183,55.9408860,-3.1995049,,With metal fence;
9192830,55.9350278,-3.1204360,,
9193387,55.9324294,-3.1170906,,
9227527,55.9321369,-3.1257228,,
9233892,55.9409543,-3.2214194,,
9799556,56.2019809,-3.1367296,,
10300335,55.8400472,-4.3580289,,
15137032,55.7980694,-4.3142025,,
17239611,55.7761499,-4.3428232,,
23106073,55.8582329,-4.0426254,,
23106083,55.8736581,-4.0762885,,
23106090,55.8716956,-4.0671804,,
23148968,55.8624211,-4.0198138,,
23294422,55.8576608,-4.0434935,,
23397221,55.8644240,-4.0351711,,
23713861,54.6940841,-1.1786500,,
23875895,55.0118202,-1.5885708,,
24148114,55.7777144,-4.3432537,,
24148261,55.7737639,-4.3378554,,
24148264,55.7722255,-4.3505837,,
24148270,55.7712841,-4.3504807,,
24211481,54.7634115,-1.5953777,,
24237246,54.7792271,-1.5682934,,
24242342,55.8292947,-4.3055446,,
24523500,54.7603038,-1.5536423,,
24571809,56.0294352,-3.3608536,,Wheelchair: yes;
24572585,56.0315219,-3.3600685,,Wheelchair: yes;
24843560,54.7753267,-1.5891298,,
25302594,55.8601374,-4.4035169,,
26235699,56.4883770,-2.8157763,,
26273082,55.9045080,-3.1958196,,
26277965,55.8731959,-4.0755800,,
26278371,55.9474207,-3.1466819,,
26534693,55.0846976,-1.6073400,,
26607268,55.9481583,-3.1779070,,
26626411,55.9626672,-3.2131932,,
26666889,55.9076248,-3.1751410,,
26858953,56.3367478,-2.8071092,,
27120390,55.7545841,-4.1493846,,
27745080,54.9863147,-1.5547842,,
28407055,54.9446297,-1.6043687,Over 8 Play Area,With  fence;
28407355,54.9443796,-1.6049901,Under 8 Play & Picnic Area,With  fence;
28494762,56.3326098,-2.8257539,,
28509899,55.9307373,-3.1429197,,
28510000,55.9310664,-3.1390124,,
28602073,55.9290713,-3.1205368,,
28648049,55.9307782,-3.1244962,,
29004060,56.3070502,-3.1559876,,
29004136,56.3053313,-3.1575754,,
29113800,54.7796808,-1.5842135,Dodgems,
29593370,55.9244995,-3.1584576,,
30134614,56.4687829,-4.3182454,,
30239644,55.9165207,-3.1085538,,
30240064,55.9119583,-3.1048252,,
30414592,55.9259062,-3.1939486,,
30533986,55.9169305,-3.1402176,,
30583640,55.8640380,-3.9967402,,
30659730,56.4349750,-2.9446134,,
30787119,55.4664152,-3.6493861,,
30804267,56.4701445,-3.0450929,,
30886178,55.9752592,-3.1940174,,
30886228,55.9749691,-3.1910474,,
31232735,55.9320091,-3.1590713,,
31236654,54.8674615,-1.3657251,,
31298253,55.9350379,-3.2492601,Saughton Play Park,
31339084,55.9142383,-3.0922779,,
31980802,55.9366728,-3.0770218,,
31981303,55.9347745,-3.0745596,,
31981368,55.9352456,-3.0760616,,
31981518,55.9366464,-3.0795224,,
32009001,56.4683790,-3.0109874,,
32099191,55.9219729,-3.3765265,,
32103579,55.9213365,-3.3869436,,
32123452,55.9110677,-3.1657827,,
32131215,54.6975929,-1.1797575,,
32150010,55.8503975,-4.0171060,,
32204468,55.9451911,-3.0699823,,
32204511,55.9458051,-3.0570100,,
32340954,55.9506974,-3.1106843,,
32395947,55.9555106,-3.1121772,,
32479307,55.7004237,-3.8694086,,
32559309,55.9360128,-3.0620239,,
32781878,55.9745424,-3.1810487,,
33356899,54.7847624,-1.5446105,,
33608316,54.9929321,-1.5156833,,
33805389,56.4803379,-3.0356895,,
34005303,56.0405175,-3.3722212,,
34430767,56.0422615,-3.3419023,,
34529474,54.8093725,-1.4681219,,
35023578,55.9223574,-4.1399585,,
35080249,54.7840118,-1.5378942,Moorfield Play Area,With metal fence;
35089259,55.9179092,-4.1565223,Alexandra Park,
35149667,54.7970025,-1.5899708,,
35154115,55.2153411,-4.4572284,,
35585896,54.8006592,-1.6760822,Bobby Robson Park,
35787085,55.9528517,-4.0114439,,
35829126,55.8261035,-4.0133058,,
35833321,55.9511357,-4.0190437,,
35873258,55.8248960,-4.0136682,,
35997601,55.9995409,-3.7227723,,
35997604,55.9996696,-3.7187555,,
36730636,55.5516178,-4.6264581,,
36937608,55.8508111,-4.4291250,,
37009521,54.9834711,-1.5860202,,
37450034,55.9379090,-3.3878450,,
37945226,55.9270808,-3.2841934,,
37976118,55.8562994,-4.4298956,,
37995892,55.9605822,-3.1957579,Scotland Yard Park,
37995894,55.9609237,-3.1972767,,
38088613,55.7507757,-4.1448863,,
38235976,56.2930454,-3.2362857,,
38367002,54.6753415,-1.8630052,Adventure play area,
38416579,55.1331744,-1.5168982,Millfeld Gardens Young Persons Play Area,
38689149,55.7774684,-4.1844998,,
38692458,55.8921062,-4.0799214,,
38934808,55.7627808,-4.0126168,,
39358631,56.0129029,-3.7200430,,
39503151,55.5532652,-4.6233038,,
39503156,55.5515130,-4.6227690,,
39545421,55.1268059,-1.5161550,High Street Junior Play Area,
39626160,55.9234490,-3.2173989,,
39762912,54.6678443,-1.7630830,,
39780907,57.4875304,-4.1262094,,
39780911,57.4856994,-4.1326787,,
39960663,55.9676788,-3.1880501,Redbraes Park,
40742534,56.0374872,-3.3668602,,With  fence;
40952074,56.2613187,-2.6209103,,
40954269,55.8492994,-4.2344084,,
41200651,55.9402629,-3.2264602,,
41262071,55.0056789,-1.6169362,,
41310207,55.9508174,-3.2909515,,
41454825,55.9455832,-3.1796759,,
41524726,55.9630019,-3.2433653,,
42207293,55.8388947,-4.2597038,,
42207294,55.8390714,-4.2600111,,
42314925,55.0635263,-3.5930707,,
42326544,54.6615432,-1.2273288,,
42348946,57.1563341,-2.2879237,,
42727722,55.0724402,-3.6178032,,
44171171,57.4559790,-4.2157129,,With  fence;
45247059,55.8206677,-4.0805633,,Access: yes;
45513483,56.4024317,-3.0159100,,
46114050,55.9730681,-3.1736776,Henderson Gardens Park,
47515247,55.9708791,-3.1658204,,Wheelchair: limited;
48812364,54.6684072,-1.4501928,,
49824363,55.9707232,-3.2449744,,
50343551,54.9472076,-1.9737642,Playground,
51297117,55.9375139,-3.2313983,,
51356558,57.1105660,-2.2341064,,
51357307,57.1079805,-2.2372827,,
51367335,55.9436521,-3.2399278,Roseburn Park,
52250386,57.1380038,-2.1773410,,
52944303,55.9369143,-3.2410426,,
53188377,57.1908528,-2.1838225,,
53513074,57.2094072,-2.1835654,,
54827364,56.3363259,-2.7821983,,
55092220,55.8294684,-3.2262630,,
55281544,55.8220814,-4.0471669,,
55364223,55.5423066,-4.6646755,Troon South Beach Playpark,Wheelchair: yes;
55419106,55.9415296,-3.1877888,,
56204938,54.8092325,-1.6296232,,
56452600,55.9835368,-4.0358088,,
57914103,57.6438843,-3.2815249,,
58726317,54.8951911,-5.0288115,,
58730962,54.9027926,-5.0420019,,
59964931,55.8298845,-4.2686392,,
60185258,54.7323886,-1.4799909,,
60236287,55.4604337,-4.6416959,Ayr Beach Park,
60236289,55.4599979,-4.6416712,,
60236311,55.4599844,-4.6416715,,
60271335,57.0726395,-5.8926603,Viking Ship,
60359919,55.5906283,-4.4837963,Whatriggs Road Playpark,
60414886,55.6044331,-4.5015876,Howard Park Playpark,Wheelchair: yes;
60450425,54.9459544,-1.9148871,Kate's Plain,
60579336,56.0094409,-3.7034166,,
60749858,55.5421366,-4.6641873,,
61186027,57.6388573,-3.3054012,,
61215596,55.9642240,-3.2777903,Play Around Edinburgh,With  fence;
63950135,54.9459726,-7.7495595,Playground,
63950201,54.9462495,-7.7484553,Skate Park,
65085802,55.9272151,-3.1470234,Adventure Playground,
65502048,55.9449359,-3.2687177,,With: slide ;
65502058,55.9447054,-3.2685066,,With: jungle_gym ;
65537805,57.6412477,-3.2853499,,Wheelchair: yes;
65571862,57.6397087,-3.2844215,,Wheelchair: yes;
65612168,57.6417329,-3.2884684,,
65622563,57.6449197,-3.2852283,,
65771811,57.6426669,-3.2832697,,
66405311,55.9443997,-3.2720945,,With: slide ;
67354165,54.9587704,-7.7305809,,
67529107,55.9448375,-3.2686833,Sky Trail,With: jungle_gym ;
67530915,55.9476352,-3.2674637,,
67614774,55.9435691,-3.2694399,,
68884604,55.9576425,-3.4654435,,
69806092,55.8243569,-4.0644145,,With  fence;
71040151,55.8241986,-4.0633587,,
71338048,55.4773495,-2.5536252,Jed Fun Park,
71897010,55.8675207,-3.0648494,,
72456891,57.6989378,-3.3919651,,
72788168,55.9053943,-3.2744439,,
72788173,55.9058031,-3.2625640,,
73513082,55.8756728,-3.0932510,,
75399538,55.9120813,-3.2256425,,
76110873,56.0064995,-3.7700695,,
76110881,56.0043035,-3.7733509,,
76134137,54.7359333,-1.5205287,,
76468422,56.0036589,-3.7618741,,
76785859,56.0152642,-3.7865540,,
76909588,55.9974530,-3.7645297,,
76909601,55.9990372,-3.7654593,,
76914676,56.0170471,-3.7848240,,
76914687,56.0167875,-3.7845560,,
77685790,54.8138174,-1.5064330,,
78172864,55.9597742,-3.6588756,,
79425783,55.9946965,-3.7715908,The Castle,
80591721,54.7792012,-1.5469317,,
81128588,54.9985622,-7.3305376,,
81539957,55.0099656,-7.3330845,,
81765961,56.0011775,-3.8429546,,
82312149,55.9178808,-3.3161540,,
84583446,56.4752754,-2.9706310,,
85004696,55.9595169,-3.1757373,,
85396323,55.9688025,-3.1942236,,
85396628,55.9672690,-3.1937864,,Wheelchair: yes;
85418582,57.6410323,-3.2939662,,
85703079,55.9583749,-3.2436508,,
85710780,57.6367777,-3.3017616,,
85711857,57.6376428,-3.2996104,,
87473550,57.4435582,-4.4826202,,
87540185,55.9498621,-3.2043708,,
88209146,54.6267300,-1.5978042,,
88711420,54.7822971,-1.5577120,,
89876893,57.6613122,-3.3233197,,
89893424,57.6634751,-3.3160633,,
90116591,57.6624665,-3.3143602,,With  fence;
90145643,55.9685043,-3.1637821,,Wheelchair: limited;
90167045,57.6614213,-3.3154819,,
90237796,55.9684736,-3.1837698,,
90458438,57.6590904,-3.3179595,,
92061548,56.3296550,-2.8293657,,
92350486,56.1115245,-3.7850233,,
92352281,56.1174397,-3.7784413,,
92357910,56.1277970,-3.8093805,,
92407790,54.9763656,-7.2845644,,
92407798,54.9746228,-7.2887720,,
92407803,54.9733496,-7.2826804,,
92511418,56.1148392,-3.7768880,,
92676059,56.1242884,-3.8004971,,
92740566,56.1277440,-3.7739808,,
93062401,56.3749607,-2.9305360,,With  fence;
93097656,54.8076641,-1.4394766,,
93151658,57.1358176,-2.1628459,,
93249496,57.0556012,-2.4881645,,
93316041,55.9556138,-3.1482344,,
93319578,55.7287591,-3.8311983,,
93319607,55.7291482,-3.8285450,,
93319654,55.7277532,-3.8159900,,
93370806,56.1055505,-3.7508949,,
93393407,56.1048926,-3.7529541,,
93402512,57.1348726,-2.1400649,,
93446490,55.9465385,-3.0996466,,
93549342,56.1231657,-3.1681933,,
93609081,55.9140107,-4.0924392,,
93871774,55.7357917,-3.8256869,,
94392837,56.0608805,-3.5309023,,
94392881,56.0578374,-3.5295541,,
94525069,56.2558209,-3.1211764,,
94711007,55.9425193,-4.0310696,,
94728277,56.0723379,-3.7140094,,
94728278,56.0681310,-3.7219539,,
94729486,55.8668368,-4.6186433,,
94729495,55.8665741,-4.6191987,,
94746899,56.2982112,-3.1568059,,
94807720,56.0663893,-3.7148330,,
94927016,57.0033184,-5.8283355,,
94939255,55.9605837,-4.0062187,,
94939313,55.9603695,-4.0073629,,
94939513,55.9607704,-3.9783155,,
94943729,56.9724880,-5.8237124,,
94947782,55.9590102,-3.1441173,,
94956852,55.4374900,-2.7705941,,
94956863,55.4373815,-2.7705580,,
94956883,55.4372821,-2.7706332,,
95090538,56.0525866,-3.3001783,Shore Road Playpark,
95152519,57.0000270,-5.8310602,,
95279067,57.1319644,-2.1498711,,
95507605,56.0589054,-3.5794724,,
95524888,56.0847884,-3.5419591,,
95784102,56.0852977,-3.5816828,,
95799026,56.3154851,-3.1169463,,
95799028,56.3155197,-3.1168331,,
96064089,56.9092769,-5.8442964,,
96307253,57.0571673,-2.4957556,,
96307729,57.0556020,-2.4945828,,
96311590,57.0608342,-2.4938027,,
96318306,57.0563689,-2.4964995,,
96366510,57.6606099,-3.3072040,,
96578060,55.9769026,-3.6073359,,
96578090,55.9729756,-3.6192505,,
96698595,56.1015705,-3.9401273,,
96707274,56.1014658,-3.9197371,,
96771687,55.9989661,-3.7160845,,
96808826,55.9590080,-2.4466978,,
96821297,55.9867443,-2.6596449,,
96821320,55.9871664,-2.6604656,,
96821324,55.9868014,-2.6592281,,
96934719,55.8997864,-2.8424088,,
96934725,55.8996596,-2.8423153,,
97264290,57.1291810,-2.6861895,,
97374586,57.1025322,-2.7151049,Deeside Activity Park Kid's Play Area,
97374609,57.1026331,-2.7147149,Deeside Activity Park Kid's Play Area,
97384557,55.8929164,-3.8858513,,
97384559,55.8925738,-3.8862296,,
97384562,55.8925288,-3.8849566,,
97542625,55.9363974,-3.0700736,,
97542628,55.9363385,-3.0706016,,
97542633,55.9363317,-3.0708059,,
97548280,55.9226727,-4.4314228,,
98123356,55.0874787,-3.5954015,Dalscone Farm,
98297698,55.1030119,-3.5841818,,
98602270,57.6731730,-2.9666136,,
98602271,57.6733216,-2.9663328,,
98602273,57.6732263,-2.9668749,,
98602275,57.6735906,-2.9663480,,
98602277,57.6734193,-2.9665537,,
98635086,55.7343620,-3.9875900,,Wheelchair: yes;
98734734,56.3167322,-2.8379517,,
98876131,55.5993933,-4.3917087,,
98876144,55.6071468,-4.3808798,,
98876161,55.6004607,-4.3874644,,
98876174,55.5994307,-4.3923515,,
99179026,55.9428015,-4.9344059,West Bay Swing Park,
99322671,57.6887360,-2.0055872,,
99322689,57.6886319,-2.0056477,,
99322697,57.6887531,-2.0057618,,
99322701,57.6885124,-2.0057189,,
99343874,56.0407583,-4.3697520,,
99433638,55.7340763,-6.3859678,,
100007413,55.9743971,-3.1773515,,
100317996,57.6608395,-3.3118550,,
101855484,54.6248044,-1.5830399,,
101935777,55.8535858,-4.2439678,,
102284050,55.8733491,-3.0442347,,
102284053,55.8736878,-3.0443182,,
102284055,55.8751156,-3.0454896,,
102284062,55.8735948,-3.0443841,,
102284067,55.8736661,-3.0445522,,
102284720,55.8741091,-3.0582917,,
102355976,55.7905067,-4.8688234,,
102846741,55.9092748,-4.1465170,,
103916964,55.9081156,-4.1547236,,
104391148,55.3714116,-1.6972244,,
104489288,57.2928486,-2.4032377,,
105141014,57.2819196,-2.3898440,,
105141022,57.2882730,-2.3961368,,
105493815,55.6512481,-3.2075894,,
105576725,57.2789167,-2.3765472,,
106496065,56.4774563,-2.8533984,,
106615909,56.4782303,-2.8563142,,
106629503,56.4751585,-2.8542219,,
106751768,55.9367866,-3.2240260,,
106766588,57.3454706,-2.6162467,,
107536900,55.6405688,-3.1813843,,
107536947,55.6414924,-3.1838293,,
107547211,55.6583455,-3.2012686,,
107678298,55.6441893,-3.1722946,,
107678329,55.6449462,-3.1793524,,
107678335,55.6427877,-3.1722835,,
107710008,54.7762006,-1.5840296,,
107881767,54.6034788,-1.1007655,,
107881784,54.6036390,-1.1006928,,
107956681,55.6500539,-3.1921098,,With  fence;
108013342,55.8001873,-4.0259207,,
108058014,55.6513571,-3.2006035,,
108081452,55.6439138,-3.1710005,,
109712644,57.6334138,-3.3071211,,Wheelchair: yes;
111806707,57.2380961,-2.6944077,,
112452106,54.9608596,-1.8424900,,
112476109,54.9617818,-1.4354620,,
112939336,55.9559315,-3.2563125,,
113257398,55.4700028,-1.5927789,,
113521151,58.2146965,-6.3871446,Bayhead Playpark,
113552692,56.0929213,-3.9252361,,
113552693,56.0929105,-3.9248067,,
113552695,56.0935797,-3.9242892,,
113552699,56.0934167,-3.9243754,,
113552703,56.0927981,-3.9250845,,
113552704,56.0930041,-3.9250196,,
113552705,56.0927234,-3.9248636,,
113570329,56.1892274,-3.9743895,,
113570362,56.1828156,-3.9749689,,
114797996,55.6938358,-4.8568700,,
114942124,56.0080481,-4.7611318,,
114942160,56.0082048,-4.7612002,,
114942175,56.0083495,-4.7610932,,
114942177,56.0079507,-4.7609213,,
115023504,54.9924130,-7.3516990,,
115118512,56.7303437,-2.6456555,,
115118532,56.7336137,-2.6615672,,
115913908,56.0581045,-3.5722635,,
116420055,54.6790585,-1.5229470,,
116610017,55.8977351,-4.3946628,,
116761416,54.6402813,-3.5515917,,
116843061,57.1373746,-2.1380745,,
116860020,55.8206095,-4.4729107,,
116919037,56.4154904,-3.5745996,,
116919052,56.4159311,-3.5749595,,
116919091,56.4153094,-3.5743299,,
117046855,55.8599523,-4.5406982,,
117208613,55.8441955,-4.0214439,,
117335467,56.3747222,-3.3042911,,
117335469,56.3746365,-3.3016762,,
117471054,57.2043574,-2.2895546,,
117471075,57.2044203,-2.2897129,,
117471123,57.2043187,-2.2895948,,
117471151,57.2044777,-2.2895502,,
117767077,54.6102488,-3.5687810,,
117812725,57.2881990,-2.3852027,,
117816614,57.5156759,-1.9433440,,
117940595,55.4368851,-4.6590409,,
118020325,55.8936384,-4.3747205,,
118167474,55.4440144,-4.5172078,,
118167506,55.4445208,-4.5215952,,
118167528,55.4445808,-4.5213821,,
118167552,55.4440369,-4.5169513,,
118167572,55.4435903,-4.5089069,,
118167574,55.4440178,-4.5174193,,
118167590,55.4445649,-4.5215399,,
118167602,55.4446394,-4.5213265,,
118189169,55.8487873,-4.4885161,The Big Experience - Kids Indoor Play,
118198663,55.8637531,-4.2041711,,
118247395,55.8451628,-4.0165242,,
118297552,55.8969458,-4.4299716,,
118389175,54.8673234,-1.5757440,,
118591336,55.1296372,-3.4381082,,
118758832,57.5975615,-3.6306594,,
118913759,54.9562694,-1.8583694,Highfield Park,
118994744,56.0089664,-3.7060809,,
119049788,54.9432976,-3.9258353,,
119049810,54.9433496,-3.9256409,,
119050060,54.9434009,-3.9257198,,
119050084,54.9433623,-3.9258285,,
119132659,56.1506324,-3.3382398,,
119132667,56.2001737,-3.3156690,,
119661046,56.0055824,-3.7109991,Bowhouse Bairns Play Park,
119753966,54.9349615,-3.8211437,,
119753986,54.9344819,-3.8210748,,
119754010,54.9344148,-3.8210066,,
119754041,54.9347228,-3.8214278,,
119754059,54.9347991,-3.8212299,,
119754065,54.9350831,-3.8209260,,
119754075,54.9346685,-3.8212338,,
119754097,54.9343893,-3.8207708,,
119754099,54.9344834,-3.8209529,,
119933537,55.3968887,-3.7768638,,
119947309,56.8348387,-2.6586040,,
119947310,56.8347000,-2.6590447,,
119982953,56.2968155,-3.6917712,,
120305767,55.8814722,-3.5030047,,
120403677,56.1512652,-3.8509098,,
120403720,56.1491470,-3.8515506,,
120789891,55.4991940,-4.6199700,,
120789893,55.5032929,-4.6209562,,
121139325,55.9794050,-3.5967888,,
121259956,55.7970089,-4.0352352,,
121293524,55.8871749,-3.4226174,,
121380826,54.8442718,-1.3441590,,
121800061,55.9877224,-3.4097924,,
122106140,54.8784607,-1.5486987,,
122229516,56.0706483,-3.4714957,,
122270948,55.9310473,-4.3301625,,
122402396,55.6842394,-4.8629726,,
122647652,55.9367611,-3.2354226,,
123315417,56.0863625,-3.5209212,,
123712085,55.5936860,-4.4963913,,
123712088,55.5937508,-4.4973327,,
123712093,55.5937488,-4.4970624,,
123951130,54.7377458,-2.1419478,,
123979409,55.6810583,-4.0706362,,
123979420,55.6799030,-4.0694185,,
124069487,55.6276704,-6.1807361,,
124069490,55.6276840,-6.1805494,,
124352374,55.9762459,-4.5820812,,
124861437,55.9702956,-3.2630744,,
124872159,55.9607846,-4.8001597,,
124881245,54.6522302,-6.2153465,,
124945808,54.6538407,-6.2045664,,
124945827,54.6530687,-6.2072696,,
124946683,54.6461141,-6.2123555,,
124946688,54.6454005,-6.2139016,,
125003759,55.7199449,-2.2630817,,
125003762,55.7200333,-2.2633076,,
125003764,55.7201757,-2.2632455,,
125014822,54.6504834,-6.2104411,,
125025695,57.5215961,-4.4576599,,
125074828,54.6452884,-6.2169118,,
125824018,57.4773655,-4.4120571,,
126114577,54.8150430,-1.3810432,,
126224672,54.9831476,-1.7536151,,
126224677,54.9831694,-1.7550190,,
126364326,55.4577112,-2.6853046,,
126697427,55.9279755,-4.3612916,,
126741774,57.4607693,-4.1959066,,
126769686,56.7412104,-2.4629390,,
126868299,57.4603363,-4.2389406,,
126980719,55.8647764,-4.0309794,,
127789690,55.7939315,-4.8627312,,
127867581,56.4885263,-2.9585242,,
128133491,54.6647358,-2.7621150,,
128181095,55.9556440,-3.1458116,,
128333551,55.1524147,-1.6733191,,
128351751,56.4691515,-5.6998315,Craignure Community Play Park,
128357420,56.0029755,-3.7969438,Dollar Park Playground,
128496034,55.9740981,-3.2270326,,
128568804,56.0431124,-4.3752249,,
129792142,55.9850521,-3.7954676,,
129996057,55.9396837,-3.2847585,,
129996058,55.9358795,-3.2751207,,
129996212,55.9270493,-3.2372481,,
131079806,55.8936053,-3.5423248,,
131752952,54.9818763,-1.7175877,,
131948197,55.4085219,-1.7028528,,
131951484,57.5247101,-5.6492144,,
131995973,56.6214152,-3.8689773,,
132122806,56.3136195,-3.0032266,,
132148238,56.3123788,-3.0231366,,
132248187,56.3188065,-3.0055109,,
132368289,56.3195846,-3.0266154,,
132741055,55.8467771,-4.2533662,,
132931540,54.8645337,-1.6367088,,
133508020,54.8001643,-1.5715615,,
133616004,55.8553036,-4.2832250,,
133758268,56.1957807,-2.9910413,,
133903361,56.1378938,-3.9211987,,
134037337,55.1219257,-1.5493172,,With  fence;
134405941,55.8452667,-4.2235364,,
134416028,55.8443054,-4.2432737,,
134628661,56.3296042,-2.8074601,,
134835417,55.8701962,-4.2729058,,
134899061,56.1364679,-3.3769048,,
135337570,56.4085309,-2.8150187,,
135417577,56.5891397,-3.3450762,,
135986194,55.9387093,-3.3015299,,
136409364,57.4465663,-3.1338303,,
136576733,57.1727279,-2.1304086,,
136981251,55.8818851,-4.2842994,Happy Park,
137101374,56.3482407,-3.4069852,,
137214415,57.1547287,-2.0804529,,Wheelchair: no;
137559274,54.9720535,-2.1054475,Sele Playground,Wheelchair: yes;
137710232,55.9744159,-3.7352465,,
137840791,55.5999047,-2.4305815,Shedden Park Play Area,
138275749,54.6039578,-3.1339682,,
138320277,55.8702603,-4.1388165,,
138597718,55.9853549,-3.7056757,,
140857745,55.6040033,-2.4407829,,
141271307,54.9792436,-1.7912137,,
142124009,55.5688287,-2.4779402,,
142215069,55.5689093,-2.4565364,,
142777595,55.5946534,-2.4226548,,
143622902,55.8705499,-4.1275707,Auchinlea Playground,
143653468,55.0114660,-1.5624367,,
143901903,57.3365720,-2.6094992,,
144799359,55.8498200,-4.2440528,,
145558064,54.5901151,-1.0185355,,
145564516,54.6082134,-1.0601205,,
145568259,57.4693060,-4.2267299,,
146350527,54.6057603,-5.8580524,,
146736512,55.8025343,-3.9179041,,
146736515,55.8021273,-3.9169600,,
146736520,55.8020549,-3.9167669,,
147421251,54.7275810,-1.7617505,,
147450737,56.2718741,-5.4909749,,
147735981,55.8619306,-4.2769623,,
147989021,55.8764139,-4.3122154,,
147992025,57.6817419,-2.5734892,,
148135836,54.9620945,-1.5652515,,
148330310,54.5979954,-1.0735950,,
148585524,54.6149004,-1.0772977,,
148585526,54.6177633,-1.0807827,,
148612114,54.6131219,-1.0515863,,
149938482,55.8258582,-4.2354336,,
149938486,55.8272156,-4.2344274,,
149970533,55.6449843,-2.3362442,,
151733879,54.8508766,-6.2675470,,
151966502,57.1610915,-2.0999141,,
152102486,57.7101403,-3.2984604,,
152197162,56.3198504,-3.0079310,,
152329288,55.6772825,-3.7626960,,
152329289,55.6772217,-3.7629584,,
152329290,55.6770112,-3.7626312,,
152329291,55.6769372,-3.7629398,,
152329292,55.6769524,-3.7627573,,
152329294,55.6734883,-3.7665075,,
152329296,55.6771962,-3.7625607,,
152329297,55.6774457,-3.7627131,,
152329300,55.6771338,-3.7628970,,
152329304,55.6732785,-3.7622300,,
152451669,55.6815666,-3.7642645,,
152453415,55.6773437,-3.7729685,,
152453416,55.6774953,-3.7720078,,
152453418,55.6778379,-3.7717694,,
153208409,55.8875240,-4.3757305,,
153760034,55.6658841,-3.7812083,,
154343054,55.8630706,-4.3283348,,
154350730,55.8329048,-4.3645540,,
154481620,55.8395717,-5.9499522,,
154933391,55.7547958,-3.9102962,,
155115636,56.1260300,-3.9390117,,
156117549,55.9057342,-3.2215565,,
156214547,55.8891337,-4.0384790,,
156257816,55.8955858,-3.5308184,,
156985179,56.0555445,-2.7218052,,
156997373,54.7597300,-6.0052676,,
157082370,56.1259608,-3.9559979,,
157331459,55.0716972,-1.5307321,,
157415710,57.7031544,-3.4574974,,
157672932,55.8576978,-4.2196777,Reidvale Adventure Playground,
157690534,55.9501734,-2.7714084,,
157700410,54.8604481,-6.2642672,,
157908147,55.2917564,-1.5740297,,
158076230,55.9412917,-3.1849045,East Meadows Play park,
158354215,57.7170896,-3.3009907,,
158936215,57.1557306,-2.1178900,,
159510485,55.9878088,-3.7820933,,
159510489,55.9879202,-3.7822629,,
159824608,55.8350398,-4.4011081,,
159965178,54.8868148,-2.9455391,,
160091465,55.8403313,-4.4412414,,
160977572,55.8960849,-3.5504796,,
162220422,55.8494155,-4.1993605,,
162444484,55.8710796,-4.2240047,,
162444486,55.8713601,-4.2242657,,
162444489,55.8667627,-4.2242679,,
162801101,55.9069138,-3.2140031,,
163514913,55.6056397,-2.4346465,,
163798668,55.6040989,-2.4257789,,
164825989,57.9603486,-4.4083467,,
165022600,55.9391977,-2.9449932,,
165384565,55.6034466,-2.4216043,,
166028471,57.2015430,-2.0955913,,
166075617,55.8621144,-3.0747840,,
166221402,55.5901763,-2.4337279,,
166454572,55.9621358,-3.1604672,,
166665385,55.5911531,-2.4371482,,
166727179,55.5904466,-2.4406463,,
166819188,55.5900930,-2.4398882,,
168209944,54.6975391,-1.1771706,,
168742577,55.8534594,-4.2306658,,
169138014,56.2092977,-3.4343988,,
169138017,56.2079992,-3.4281914,,
169139765,56.2177718,-3.4283190,,
169139772,56.2163982,-3.4304138,,
169460892,55.4920104,-4.6118393,,
169733372,55.9476432,-3.3052169,,
169738617,55.9569647,-3.3068267,Fauldburn Park,
169738903,55.9392624,-3.2993233,,
169761281,55.8475126,-4.2593167,,
170020688,54.7873974,-2.3427517,,
170485238,56.2019232,-3.4275646,,
170490759,56.2251525,-3.4232724,,
170782119,54.9573726,-1.4814805,,Wheelchair: yes;
170872309,55.8269963,-3.8046702,,
170872315,55.8269810,-3.8044750,,
170872318,55.8270680,-3.8042570,,
170872319,55.8270740,-3.8045657,,
171143710,54.7719248,-1.7078207,,
171207322,56.1679010,-3.0352495,,
171207346,56.1694227,-3.0398307,,
171246861,54.9490397,-1.4637945,,Wheelchair: limited;
171453524,55.8223341,-4.1224708,,
171453531,55.8194876,-4.1371103,,
171535466,56.1872379,-3.0428991,,
171543409,56.1874617,-3.0415073,,
171543419,56.1872647,-3.0407267,,
171543420,56.1888170,-3.0454152,,
171697670,56.1913753,-3.0377681,,
171703563,56.1916558,-3.0328972,,With  fence;
171883493,55.5023100,-4.5974037,,
172067654,55.8455353,-3.9663196,,
172088557,55.9322155,-4.3500294,,
172146052,55.4732063,-4.5958207,,
172326562,55.8811883,-4.2912618,,
172427911,55.9141551,-4.3656676,,
173353695,55.8191489,-3.8084565,,
173757302,55.6099669,-2.3888249,,
174469271,55.9270275,-4.1706879,,
174590733,55.9004919,-4.1955145,,
174590734,55.9010660,-4.1946595,,
174651320,55.8701960,-4.2306862,,
174800419,55.8112335,-4.0762391,,
175199122,56.9700942,-2.2068036,,
175199123,57.7237737,-3.2914943,,
175638281,55.9624880,-4.1584369,,
175762410,55.8865296,-4.2378205,,
175841912,57.6586729,-2.5222315,,
176823083,55.8809382,-4.2125711,,
176823084,55.8858246,-4.2162949,,
178856583,55.8016513,-4.0749550,,
179159309,55.9790233,-4.2216332,,
179477971,54.8422811,-1.4737773,,
179682910,55.0777232,-1.5855960,,
179682915,55.0777831,-1.5862194,,
179682917,55.0767320,-1.5854463,,
180005132,55.9057713,-4.3918291,,
180152847,55.9130136,-4.3992440,,With  fence;
180152848,55.9129766,-4.3995095,,
180152851,55.9137703,-4.4008772,,
180237140,58.8967698,-2.9149892,,
180321373,56.0746475,-3.4186266,,
181488804,55.9770100,-3.5279042,,
181930535,54.9446224,-7.7609035,,
182081718,57.1428004,-2.1763400,,
182094116,55.1883370,-7.0389451,,
182241843,55.8877946,-4.2310902,Play Area,
182242082,55.8871403,-4.2310607,Play Area,
182242181,55.8873869,-4.2310742,Swing,
182256985,60.1372588,-1.2752433,,
182565068,55.8901371,-4.2043523,,
182581614,55.7799690,-4.0331719,,
182588847,55.8972654,-4.2101705,,
183320719,60.1448811,-1.1109073,,
183425977,56.2278998,-3.4184687,,
183451079,55.8865347,-4.1444726,,
183451081,55.8867364,-4.1438354,,
183462011,55.8927650,-4.1453719,,
183469089,55.8870360,-4.1544228,City Kids Adventure Play Centre,
183550124,55.8946553,-4.1321838,,
183588984,55.8883809,-4.1304261,,
183606987,55.8762910,-4.1729638,Hogganfield Park Play Area,
183721190,54.9843185,-1.7525895,,
184515751,55.5185691,-2.3676291,,
184618283,55.8686220,-4.1875138,,
184641716,55.8673683,-4.1649575,Longstone Place Play Area,
184641719,55.8631687,-4.1583592,Strone Road East,
184641924,55.8705712,-4.1640476,,
184641930,55.8649447,-4.1655229,,
184795884,55.8790283,-4.1599691,,
184795885,55.8751899,-4.1665241,,
185692865,54.7890742,-1.3214649,,
185711637,54.8725929,-1.6426177,,
185831360,59.3183664,-2.9910717,,
186665013,55.9530726,-2.7805939,,
186915238,55.1326866,-7.4620475,,
186940843,55.8590778,-4.2280148,,
187936672,55.5239333,-2.5183651,,
187943563,55.9012815,-4.3543100,,
188133537,54.9287319,-1.5611368,,
188281016,55.8795228,-3.3447063,,
188411261,55.8895605,-3.5428068,,
188727895,55.8792430,-4.2741659,,
188760137,57.5115585,-1.8001783,,
188948810,55.8655068,-4.2387414,,
189141901,54.8357361,-1.5439840,,
189204610,56.0071936,-3.6308252,,
190078941,55.8844165,-4.2742815,,
190200584,55.8874340,-4.2729095,,
190200594,55.8872321,-4.2736840,,
190200595,55.8854238,-4.2754537,,
190307494,55.9113009,-4.3932150,,With  fence;
190312709,55.8830251,-4.2495933,,
190312718,55.8835823,-4.2486536,,
191241071,55.8381628,-4.1111384,,
191241076,55.8382426,-4.1115219,,
191448327,55.8909774,-4.1907263,,
191448330,55.8924333,-4.1911885,,
191448334,55.8912079,-4.1922095,,
191605899,54.9755432,-3.6171655,,
191980348,55.8619021,-4.1380164,,
191980353,55.8614891,-4.1357229,,
191986074,55.8624980,-4.1287701,,
191986077,55.8625731,-4.1277200,,
192147392,55.8563871,-4.1354772,,
192147393,55.8565959,-4.1359205,,
192147397,55.8564751,-4.1357127,,
192315237,56.0165071,-3.7995040,,
192315238,56.0146479,-3.7972404,,
192315239,56.0136573,-3.8026272,,
192486994,55.8818048,-4.3766614,,
192486996,55.8816567,-4.3767117,,
193319158,55.6025896,-2.4682093,,
193797056,55.9871312,-3.8889494,,
193903591,54.8982445,-2.8381911,,
193992912,55.5645153,-2.6146858,,
194012608,55.8549243,-4.1556192,,
195185792,57.4896108,-4.2419834,,
195185794,57.4913336,-4.2438448,,
195262935,57.4861181,-4.2325942,,
195393777,55.8337671,-4.2067908,,
195414330,55.8081645,-4.2079170,,
195607519,55.8444747,-4.0346245,,
196504470,56.0203643,-3.9156558,,With  fence;
196504473,56.0200742,-3.9212058,,
196696846,55.8035392,-4.3783421,Cowan Park Play Area,
196709038,55.8028305,-4.3908484,,
196841032,55.9555796,-3.2304891,,
196860746,54.9670654,-1.4890517,,Wheelchair: limited;
196917402,56.0113518,-3.9195694,,
196920829,55.8096048,-4.3644157,,
197099568,55.8634619,-3.6815290,,
197587551,55.9382574,-3.4906216,,
197643005,56.0125007,-3.7941515,,
197723784,56.0252545,-3.9409116,,
197723787,56.0251936,-3.9410982,,
198082414,55.9893817,-4.9256462,,
198243505,56.1653487,-5.0614090,,
198465927,55.0848808,-6.0556691,,
198492033,57.0682280,-4.1199884,,
198651022,55.9306086,-3.4798390,,
198982849,55.9298545,-3.4889937,,
199013736,55.8468292,-4.2807781,,
199072772,55.8954555,-4.2639187,,
199074160,55.8425828,-4.1367867,,
199205038,55.8459208,-4.1171691,,Access: private;
199206944,55.8418548,-4.1068916,,
199546066,56.8514013,-5.0025856,High Wire Adventure,
199578205,54.9702805,-1.4769235,,
199714537,55.9271624,-4.1658367,,With chain fence;
199798483,55.8278703,-5.6622574,,
199837845,55.8322743,-4.1594066,,
200339452,55.8291639,-4.1549733,,
200463092,55.1212690,-1.5015134,,
200463093,55.1222103,-1.5007723,,
200673870,60.1551665,-1.1492990,,
200673875,60.1547986,-1.1491663,,
200673876,60.1540289,-1.1586824,,
200673877,60.1546933,-1.1487390,,
200673887,60.1547258,-1.1490286,,
201164825,60.1047138,-1.3321785,,
201167290,55.9051838,-3.2911508,,
201210979,55.4222249,-5.7344932,,
201500465,56.0030226,-2.5231257,,
201508977,55.1610949,-1.5903224,,
201796310,55.1584649,-1.5749509,,
202005805,54.7754767,-1.6347608,,
202195035,56.0019087,-2.5214052,Parsonspool,Access: yes;
202196562,55.9966672,-2.5335945,,
202336797,55.9850258,-3.3879811,,
202336801,55.9007343,-2.8385672,,
202953281,57.4198166,-5.8198430,,
203416164,57.1483441,-2.3070217,,
203460894,55.9410239,-4.5415585,,
203635254,55.9053544,-4.3850660,,
203793187,56.3858247,-4.2798486,,
204267799,55.8653297,-3.7219937,,
204833931,56.0019292,-3.5192059,,
204837666,55.1579765,-1.6748341,,
204869764,55.5119914,-2.5710056,,
204996259,55.2341443,-2.1817170,,
205111788,55.0864943,-2.9265811,,
205402420,59.0109456,-3.1099685,,
205694218,54.6230808,-5.9454973,Waterworks/Westland small playground,
205822373,55.9900706,-3.7993837,,
206120111,55.9034613,-4.3845800,,
206307503,57.2209737,-5.4473064,,
206330292,55.9509045,-3.6055832,,
206817375,55.7748019,-4.1995347,,Access: customers;
206878804,58.2015368,-6.3414757,,
207046321,55.7252301,-2.6639667,,
207239339,56.2013450,-3.1811750,,With  fence;
207239340,56.2012550,-3.1809733,Skatepark,
207318475,55.9431733,-3.2136792,,Access: private;
207364562,56.0091326,-3.7798884,,With  fence;
207766595,55.8724312,-3.5275379,,
207923968,55.9066092,-4.4315021,,
208117423,55.8557231,-4.2153091,,
208737194,57.3909032,-7.3463192,,
208774101,55.7574766,-4.1833334,,
209088964,56.0110974,-3.7756493,,With  fence;
209385761,55.1089118,-1.4994105,,
209385762,55.1089040,-1.4994623,,
209873881,56.4444487,-3.1659401,,
210592178,55.9968931,-2.5189107,,With  fence;
210592179,55.9964137,-2.5208336,,With  fence;
210593655,55.9982496,-2.5155169,,With  fence;
210594061,55.9963150,-2.5170804,,With  fence;
210831113,55.9933485,-2.5474510,,
210840761,55.9918158,-2.5139040,,
210840763,55.9917699,-2.5114386,,
210850959,55.9924103,-2.5133958,,With  fence;
210862347,55.9901676,-2.5129673,,
210862348,55.9906287,-2.5140796,,
210977753,55.9999490,-2.5223947,,
210977754,55.9997949,-2.5226060,,
211127440,55.9935234,-2.5514472,,
211167388,55.9960414,-2.5063696,,
211174201,55.9924779,-2.5158288,,
211178116,57.2150051,-5.6167475,,
211340918,55.9901747,-2.5233703,,
211510041,55.9995428,-2.5639017,The Fortress,
211684111,56.0026237,-2.5140421,East Beach playground,
211712109,56.0012453,-2.5624069,East Links Play Park,
211743104,56.0007703,-2.5199247,,
211773358,55.9950803,-2.5164863,,
211911067,55.0411509,-2.7803688,Stapleton and Solport Community Play Area,
214215109,54.7724472,-1.6272378,,
215077895,56.5958789,-3.3281387,Rattray school playground,
215118915,55.5777017,-4.5973910,,
215330344,57.9016382,-5.1640035,,
215808741,55.8927117,-3.5360018,,
216245952,56.1968237,-3.9607378,,
216598414,56.1132999,-3.9490554,Kings Park Playground,
216627843,54.6004054,-5.9049919,Dr Pitt Memorial Park Play Area,
216995731,56.1872791,-4.4949434,,With  fence;
217398298,55.8875360,-3.5415892,,
217467075,55.6550860,-2.2531931,,
217900336,55.9846361,-3.1908154,,
218107288,55.9425079,-4.2116471,,
218310252,55.8786562,-4.2324294,,
218470617,56.2699863,-4.2911911,,Access: private;
218623404,55.9559914,-3.4598850,,
218778331,55.9788060,-4.2213289,,
218912896,55.8954143,-3.5242532,,
219039311,56.1082408,-3.9642067,,
219039312,56.1084617,-3.9646177,,
219039319,56.1085642,-3.9640338,,
219041970,56.0914324,-3.9124416,,
219112754,55.8990093,-3.4892910,,
219150859,55.9358738,-4.2424426,,
219374678,55.8261083,-4.0708124,,
219410720,56.1254662,-3.9261573,,
219410722,56.1256734,-3.9261578,,
219410724,56.1255966,-3.9263678,,
220439248,56.5423802,-3.4847204,,
220454338,56.5348287,-3.4708951,,
220454341,56.5350478,-3.4708751,,
220486743,55.8839073,-3.5321820,Kaims Grove playground,
220531866,56.0119863,-3.6096021,Playground,
221034126,55.6908552,-2.3346245,,
221243036,56.5878498,-3.3427778,,
221436292,55.7767110,-4.0832916,,
221528248,55.1632932,-1.6973655,,
221535871,55.0329261,-1.4312697,,
221603587,57.0821538,-2.3418941,,
221612714,57.0804669,-2.3448998,,
221616809,57.0818866,-2.3458436,,
221617507,57.0807628,-2.3480795,,
221861357,55.8418539,-4.2446131,,
222320935,57.1884282,-2.4983062,,
222356087,55.8773787,-3.7586930,,Access: yes;
222441603,55.8463838,-4.2488125,,
222626514,55.7492618,-2.2163506,,
222916368,54.9035308,-4.3785400,,
223185357,55.2231227,-1.6353193,,
223198092,55.2424052,-1.6213859,,
223198093,55.2421890,-1.6195320,,
223265514,55.2286069,-1.5365128,,
223318408,54.9746663,-1.4955777,,
223386212,57.2793149,-2.3791810,,
223443661,55.2895620,-1.6015416,,
223446475,55.9973355,-3.7466854,,
223518434,55.7704112,-2.1051835,,
223571645,54.7380471,-3.1854418,,
223849322,55.9648787,-3.3142552,,
224010292,56.1150293,-3.8110935,SmithField / Bellevue Playpark,
224037876,56.0017642,-2.5280656,,
224139583,55.8042119,-4.3637352,,
224270085,55.7488167,-4.9382619,,
224270859,55.8255365,-4.3652359,,
224281284,55.8271346,-4.3451889,,
224281287,55.8297562,-4.3498852,,
224417447,55.9069276,-3.5281920,,
224417450,55.9076524,-3.5220847,,
224417451,55.9052683,-3.5345696,,
224682892,55.8989847,-3.5327643,,
224723608,54.5952965,-5.8378011,,
225019080,55.9628748,-3.2437107,,
225250578,55.9051361,-3.1560638,,
225816816,55.9778880,-2.8923321,,
225995513,55.8978226,-4.1947168,,
225995515,55.8981860,-4.1916690,,
226448229,55.8925158,-3.8849893,,
226727269,55.8953194,-3.5474498,,With  fence;
226760630,55.8883273,-3.5381599,,
226914214,54.9579755,-1.5155922,,
226921834,55.9084073,-3.6414829,The Yin Swing Play Area,
226963102,55.8672698,-4.1136970,,
227206083,55.1859757,-1.5055512,,
227989781,55.8087501,-4.3575954,,
227989782,55.8080857,-4.3624702,,
227992551,55.8029546,-4.3583420,,
227992553,55.8063561,-4.3618756,,
227996549,55.8114854,-4.3368086,,
227996550,55.8085448,-4.3321860,,
228008754,55.9571882,-2.8017111,,
228291953,55.3238630,-1.7421868,,
228323203,55.9724628,-3.2613867,,
228323205,55.9772685,-3.2521105,,
228435766,55.8743079,-4.3001750,,
228436267,55.8800279,-4.2923350,,
228438806,55.3082499,-1.9129407,,
228544722,55.8746543,-4.3163826,,
228563028,55.4125944,-1.7167993,,
229057081,54.9996593,-1.4193668,,
229448361,55.9638385,-4.5798276,,
229617680,56.6719717,-3.2026383,,
229712797,54.7147255,-3.5027370,,
229903995,55.7771928,-4.1837028,,
229922289,55.8099845,-4.1571682,,
229986969,55.8212383,-4.2129343,,
230017958,55.8302837,-4.2222126,,
230032036,55.8035805,-4.1976961,,
230130584,55.8198004,-4.0002627,,
230148005,55.8147388,-4.2035568,,
230266604,55.8727792,-4.2381037,,
230586496,55.8347909,-4.3856744,,
230814633,55.9340944,-3.2395208,,
230950120,55.1238210,-6.3630727,,
231161972,54.5929273,-5.9197901,,
231215442,54.7360252,-6.2351423,,
231872269,56.0638139,-3.8702456,,
231872282,56.0639185,-3.8704822,,
231927003,54.9829135,-1.4856043,,
232192354,55.9723814,-3.2248885,,
232326311,55.9265468,-3.2843627,,
232341203,55.8769819,-4.3815274,,
232464591,55.9101716,-3.9549436,,
232714817,54.6094009,-7.2831513,,
232715244,54.6461028,-7.1732024,,
232839369,56.0212655,-3.8327203,,
232840565,56.0233863,-3.8345194,,
233104489,55.1769160,-2.1700179,,
233428888,54.9694391,-1.6034542,Wesley Square,
233898782,55.8995135,-3.5232477,,
233925965,57.1537408,-2.1019942,,
233988558,55.6427338,-3.1705497,,
234025026,56.1358758,-3.3938355,,With  fence;
234923164,55.2725796,-3.8057198,Adventure Playground,
235023898,55.9308680,-4.4851035,,
235122211,55.8721931,-3.9632576,,
235781800,57.1504920,-2.3122834,,
235922001,55.8695444,-3.9736068,,
235993607,55.8877086,-4.3544420,,
235993609,55.8871552,-4.3605629,,
236125513,57.5970543,-4.3441459,,
236294697,57.5517560,-4.2693897,,
236311203,54.9658062,-1.8667854,,
236321626,55.8591493,-2.9900106,,
236576389,57.6074076,-4.3246705,Culbokie Playground,
236580124,57.6045012,-4.3347123,,
236839233,54.9219976,-1.8116378,,
237350670,55.0062090,-3.0624146,,
237374768,54.7236816,-6.1995399,Steeple Play Area,
237374771,54.7330567,-6.2182269,,
237376209,54.7199947,-6.1992234,,
237536273,55.8754331,-3.0040415,,
237667415,55.8755347,-3.0042918,,
237667416,55.8754752,-3.0041934,,
237685239,54.5939182,-5.8105579,,
237875598,57.2324786,-2.3527782,,
237965784,54.7991219,-1.4113556,,
237969347,54.8028532,-1.4138867,,
238310810,55.0465865,-1.7418026,,
238481505,55.9027675,-3.1552041,,
238970300,55.9244376,-3.3728675,,
239946376,55.4418879,-1.9028833,,
240358789,55.6319861,-2.1697059,,
240595963,54.6650115,-3.3684200,Playground,
240724550,55.2316237,-2.5810187,,
240922705,54.8534461,-1.5606688,,With  fence;
241047727,55.1751791,-1.5361408,,
241047728,55.1756286,-1.5361989,,
241159547,54.9710124,-1.5838677,,
241220717,56.1044094,-3.9228472,,
241253544,54.7063922,-6.1807591,,
241320962,56.1026124,-3.9212886,,
241788984,56.1090238,-3.9262775,,
241974491,56.0887156,-3.9062255,,
241974496,56.0886034,-3.9064160,,
241974531,56.0884470,-3.9062832,,
241974538,56.0884941,-3.9063784,,
241974557,56.0886730,-3.9062081,,
242397317,55.5986083,-2.7161073,,
242636759,55.0812539,-1.5740736,,
242639572,57.7393756,-4.0727980,,
242988769,56.2219814,-2.7109318,,
243577572,55.9604303,-3.3975154,,
243806494,54.9228483,-2.9188169,,
244140457,55.8195225,-3.9693093,,
244142045,55.8203031,-3.9682793,,
244581510,55.8946249,-3.0511322,,
244608663,55.8892833,-3.0614538,,
245202972,57.2400881,-5.9036442,,
245210188,54.7471983,-6.6003371,,
245379803,54.6997900,-1.5173417,,
245484738,55.8897472,-3.0909000,,
245634752,56.1276433,-3.8170416,,
246028005,55.0787315,-1.5539033,,
246332471,57.1609679,-2.2140911,,
246393866,55.9308275,-4.1617269,,
246489773,57.5479464,-5.5138267,,
246859330,57.9833087,-4.5892516,,
247087727,54.9261062,-6.9625801,,
248115691,55.9281898,-3.2733651,,Access: private;
248117619,56.1695297,-3.0391676,,
248294340,55.0849652,-1.6083699,,
248430894,56.0977812,-3.9349565,,
248430896,56.0976867,-3.9346695,,
248430898,56.0978045,-3.9350766,,
248430899,56.0978345,-3.9343512,,
248430902,56.0975713,-3.9348855,,
251062634,55.1345660,-1.5084739,,
251826821,56.2616215,-3.7782505,,
252043704,58.2004640,-7.0135367,,
252045450,58.0919824,-6.6067528,,
252047682,57.8714903,-6.6993103,,
252057645,57.0340212,-7.4357167,,
252140291,54.6346677,-6.7425402,,
252140294,54.6482006,-6.7493097,,
252140295,54.6441417,-6.7516848,,
252140296,54.6400642,-6.7480870,,
252140297,54.6419188,-6.7518573,,
252158936,56.4018780,-4.9651015,,
252343452,54.6541144,-6.7496389,,
252381244,55.8968871,-2.1309706,,
252414850,54.6504843,-6.7534833,,
252452949,54.6344760,-6.7456908,,
252461512,54.6540013,-6.7523210,,
252472981,54.6501459,-6.7380371,,
252741780,54.6386200,-6.7350653,,
252752101,54.6490022,-6.7429001,,
254440000,55.4214982,-2.8008040,,
255018485,54.6335333,-6.7564067,,
255023605,55.8952825,-3.3138500,,
255447444,55.5467525,-2.0102177,,
255517579,54.7188477,-7.2323629,Gortin Community Playpark,
255900769,56.1538149,-3.9519583,,
256374876,55.8465263,-4.0135462,,
256454548,55.8214465,-4.1310618,,
256454553,55.8125947,-4.1312995,MUGA,
256454557,55.8169069,-4.1346611,,
256454559,55.8187269,-4.1356206,,
256454560,55.8120402,-4.1246370,,
256456406,55.8096720,-4.1272963,,
256456408,55.8074931,-4.1278615,,
256501702,55.8089449,-4.1315513,,
256648820,55.8397149,-4.2881624,,
256711227,54.6429004,-1.6847114,,
256770541,54.8703489,-2.9548059,,
256798750,57.4022372,-2.2165120,,
256817129,54.9345182,-1.5972907,,
256836624,55.8816027,-3.1017065,,
256837359,55.8788510,-3.1056903,,
257327282,54.9774909,-2.1004392,,
257423606,56.1517071,-3.9474996,,
257423607,56.1517390,-3.9472610,,
257423608,56.1516761,-3.9470503,,
257423609,56.1515659,-3.9470004,,
257476948,55.3153475,-5.6389308,,
257694815,54.6311855,-1.5697192,,
257750978,54.6311981,-1.5690270,,
258551118,55.9171931,-3.1598284,,
258914919,55.8123436,-4.0104283,,
259194002,57.1379291,-2.1429992,,
259550613,55.8989887,-3.0452393,,
259779263,55.2431438,-1.7675806,,
260495330,55.3090856,-1.8807903,,
261566871,54.8264277,-7.4713399,Play Stations,
261596526,54.8198837,-7.4520371,,
261598549,54.8213697,-7.4532956,,
261751607,54.8253427,-7.4588399,,
262216526,57.1611175,-2.1060206,,
262609661,54.9753802,-1.6689754,,
262754860,55.9625309,-3.1940209,Heriot Hill Nursery Playground,Access: permissive;
262912289,55.8799170,-3.1435218,,
263241965,55.1068839,-1.5778914,,
263289787,56.0367817,-3.4991407,,
263391883,54.9456248,-1.9014363,Branch End Playground,Wheelchair: yes;
263643735,54.8227563,-7.4643565,,
263712029,54.6251736,-1.6335122,,
263736780,54.9619580,-1.7264258,,
263736781,54.9615254,-1.7258978,,
263987603,55.9900519,-3.7161333,,
263999884,55.9398693,-2.9492687,,
263999887,55.9359693,-2.9490197,,
263999888,55.9350093,-2.9553224,,
264215784,54.7312653,-6.8262299,,
264218216,54.6886602,-6.6711498,,
264218217,54.6910019,-6.6731120,,
264599633,57.1337826,-2.0672794,,
264599638,57.1354745,-2.0650275,,
264632083,54.7126919,-1.7159189,,
264803483,54.8539479,-6.3652905,,
264927297,54.8509541,-6.3629954,,
265121006,55.8485616,-3.1908675,,
265121017,55.8479474,-3.1899894,,
265866446,54.8060197,-6.2175230,,
265888190,57.3897012,-2.2510176,Play Ground,
266448977,55.8889217,-3.6244691,,
266448978,55.8879947,-3.6367402,,
266670045,55.9412840,-3.1443147,,
268414141,55.8503365,-3.0593894,,
268549977,55.9856497,-3.7384997,,
268695388,55.9925058,-3.7417421,,
268695391,55.9896300,-3.7397161,,
269213413,55.8091121,-3.9557629,,
269292735,55.8088558,-3.9604273,,
269618131,54.8041531,-6.2097052,,
269640632,54.7136238,-6.2254664,,
269960150,55.9519020,-3.1274536,,
270103228,55.9439675,-3.1442393,,
270107210,55.9455624,-3.1422543,,
270267858,55.8955046,-4.3498580,,
270742372,55.8904690,-3.6199578,,
272268024,57.1644288,-2.0890038,,
272938338,55.8872096,-3.6306563,,
273061504,55.9222912,-3.0676254,,
273936732,56.0702558,-3.4702700,,
274107873,55.8065518,-4.0676182,,
274109511,58.3473015,-5.1580892,,
274111468,55.8361848,-3.2115101,,
275500024,56.8182218,-5.1054522,,
275500030,56.8182686,-5.1050289,,
275507131,56.8205557,-5.0992506,Assault Course,
275507132,56.8222150,-5.0871548,Claggan Play Area,
276110811,55.0958851,-7.5318294,,
276778999,55.8900686,-3.6574318,,
277235313,55.9628344,-3.1841761,,
277767696,55.9275350,-3.5023903,,
277889289,57.6806357,-2.6969933,,
278052887,55.8741078,-3.1791452,,
278266326,56.3332179,-2.8269205,,
278444352,55.3689651,-3.9305058,,
278451236,55.3659809,-3.9181302,,
278713377,55.7787181,-3.7089212,,
279187538,56.0833204,-3.3771267,,
279631506,55.0426587,-7.0087625,,
279766308,55.9587993,-3.1910815,,
281103960,57.4557860,-2.7853513,,
281437930,56.8921587,-4.9166795,,
282033754,55.0388715,-7.3271378,,
282317669,56.3327046,-2.7927750,Roundhill Road,
282460093,58.1168565,-3.6461633,,
282853156,55.9065306,-3.1294584,,
284010377,55.8994163,-3.1546346,,
284132994,54.8204775,-1.7429504,Lanchester Play Area,
285133668,56.0571283,-2.7181564,,
285330265,54.8051886,-1.5634927,,
285597684,57.1721528,-2.1140959,,
285982051,57.1682246,-2.1083837,,
286037250,55.9014218,-4.1067911,,
286672115,57.3459708,-2.6092681,,
286745754,55.8420170,-4.2021420,Nature Play,
286805580,60.6014505,-1.0707999,,
287631947,55.6108194,-3.7885684,,
287633173,55.9812192,-4.9448608,,
287643771,55.9029013,-3.5485227,,
287742074,55.0407361,-1.4334656,,
287833804,55.8241415,-4.0911899,,
288222606,55.9525569,-2.9893929,,
288461510,55.8851637,-3.5550586,,
288470196,55.8867001,-3.5556873,,
289079977,55.8714337,-3.1031583,,
289176219,55.8286244,-3.2107796,,
289176221,55.8250742,-3.2153079,,
289421943,55.9290718,-3.2055703,,With metal fence;
289450273,57.5934823,-4.1133245,,
289588211,55.9503923,-3.1891275,Royal Mile Nursery,Access: private;
290146322,55.9267712,-3.3812771,,
290727707,55.8635511,-3.0709695,,
290727708,55.8645677,-3.0708122,,
290822624,55.9495874,-3.1887817,Cowgate under 5s Centre,Access: private;
290966190,55.6479528,-3.8906596,,
291221329,55.8868324,-3.0699808,,
291484356,54.9655668,-1.8552578,,
291994171,55.9208097,-3.2574592,,
292113938,55.6419991,-4.6730577,,
292612301,55.8470165,-4.1847349,,
292612669,55.8450110,-4.1776099,,
292625857,55.6528309,-3.8700531,,
292625858,55.6739828,-3.8969556,,
292625860,55.6362293,-3.8867445,,
292876950,54.6431420,-5.5343797,,
293024828,54.9718255,-1.4684223,,
293027957,54.9816605,-1.4736186,Bede Play Park,
293284279,54.6595394,-3.3648415,Harris Park,
293560916,55.9761443,-3.6979916,,
293714196,54.9213415,-1.4445334,Hylton Castle Play Park,
293714197,54.9211686,-1.4448135,Hylton Castle Play Park,
293714198,54.9210161,-1.4448834,Hylton Castle Play Park,
293714199,54.9208905,-1.4448922,Hylton Castle Play Park,
293714613,54.9840984,-1.6156290,,
293717639,54.9566336,-1.5395546,,
294251805,56.7127540,-2.4487372,,
294251806,56.7131381,-2.4485909,,
295902941,56.1579419,-3.3274335,,
296327880,54.6787811,-5.9749104,,
296341895,54.7216026,-5.8194276,,
296867100,54.5996165,-5.8919355,,
296917815,54.6104272,-5.8696189,,
297138395,55.5755538,-1.7412653,,
297170049,57.6564560,-4.2104400,,
297216898,56.2020537,-3.4155711,,
297237466,55.9168786,-4.0744205,,
297642095,55.8965712,-3.5494812,,
298280754,55.8039177,-4.0639436,,
298354287,55.9126699,-3.2733755,,
298354289,55.9116703,-3.2701195,,
298686966,55.1295390,-6.3277096,,
298903536,55.2179653,-6.5420669,,
299383678,54.6096106,-1.2891472,,
299551579,55.8291978,-4.1584679,,
299745152,57.4465909,-3.1225928,,
300053235,55.8719610,-4.3319029,,
300111087,54.9903007,-1.5925796,,
300120781,55.8980908,-3.5202058,,
300525231,55.6107148,-4.6611778,,
300528429,55.6169439,-4.6729666,,
300712780,57.4441837,-4.2262410,,
300849031,57.4453154,-4.2415897,,
300863497,57.4448215,-4.2177865,,
300863560,57.4461034,-4.2162093,,
300999086,57.4530856,-4.1774424,,
300999090,57.4526574,-4.1821717,,
301399679,55.9003244,-3.5145374,,
301997480,57.4463362,-4.2347930,,
301998622,57.4453423,-4.2298068,,
301998623,57.4443770,-4.2330805,,
302031167,55.8128581,-4.3220187,,
302031169,55.8114716,-4.3215896,,
302031170,55.8111998,-4.3186389,,
302031171,55.8111914,-4.3179438,,
302031446,55.8113676,-4.3177165,,
302389421,55.8820079,-4.2831421,,
302389494,55.8818965,-4.2841667,,
302389717,55.8820771,-4.2839146,,
302389834,55.8818454,-4.2833352,,
302389835,55.8819146,-4.2835552,,
302390006,55.8819447,-4.2841935,,
302390159,55.8819718,-4.2835659,,
302390333,55.8818875,-4.2840058,,
302390607,55.8820891,-4.2835659,Tonis Place <3,
302580754,55.8702510,-4.1027158,,
302687628,55.7657229,-3.9144871,,
302688092,55.7671594,-3.9149795,,
302951486,54.8580699,-6.3231100,,
303107960,57.4746542,-4.1393463,,
303107961,57.4766410,-4.1410562,,
303233742,57.4805688,-4.1466189,,
303233743,57.4793098,-4.1517210,,
304205685,57.4868498,-4.1307896,,
304239193,57.4970257,-4.1157767,,
304392323,55.0086989,-2.9658261,,
305062214,56.2253686,-2.6971672,,
305072264,57.4585496,-4.2105221,,
305295788,55.8855845,-4.2714821,,
305583081,57.2039295,-3.8337008,,
305725611,55.9711520,-3.1658163,,
305995054,54.6188131,-3.0568627,,
306311679,57.7225322,-4.1022053,,
306395523,55.9384504,-3.1212824,,
306395526,55.9377404,-3.1223055,,
